0
39
45
84
52
91
97
136
71
110
116
155
123
162
168
207
92
131
137
176
144
183
189
228
163
202
208
247
215
254
260
299
101
140
146
185
153
192
198
237
172
211
217
256
224
263
269
308
193
232
238
277
245
284
290
329
264
303
309
348
316
355
361
400
113
152
158
197
165
204
210
249
184
223
229
268
236
275
281
320
205
244
250
289
257
296
302
341
276
315
321
360
328
367
373
412
214
253
259
298
266
305
311
350
285
324
330
369
337
376
382
421
306
345
351
390
358
397
403
442
377
416
422
461
429
468
474
513
121
160
166
205
173
212
218
257
192
231
237
276
244
283
289
328
213
252
258
297
265
304
310
349
284
323
329
368
336
375
381
420
222
261
267
306
274
313
319
358
293
332
338
377
345
384
390
429
314
353
359
398
366
405
411
450
385
424
430
469
437
476
482
521
234
273
279
318
286
325
331
370
305
344
350
389
357
396
402
441
326
365
371
410
378
417
423
462
397
436
442
481
449
488
494
533
335
374
380
419
387
426
432
471
406
445
451
490
458
497
503
542
427
466
472
511
479
518
524
563
498
537
543
582
550
589
595
634
147
186
192
231
199
238
244
283
218
257
263
302
270
309
315
354
239
278
284
323
291
330
336
375
310
349
355
394
362
401
407
446
248
287
293
332
300
339
345
384
319
358
364
403
371
410
416
455
340
379
385
424
392
431
437
476
411
450
456
495
463
502
508
547
260
299
305
344
312
351
357
396
331
370
376
415
383
422
428
467
352
391
397
436
404
443
449
488
423
462
468
507
475
514
520
559
361
400
406
445
413
452
458
497
432
471
477
516
484
523
529
568
453
492
498
537
505
544
550
589
524
563
569
608
576
615
621
660
268
307
313
352
320
359
365
404
339
378
384
423
391
430
436
475
360
399
405
444
412
451
457
496
431
470
476
515
483
522
528
567
369
408
414
453
421
460
466
505
440
479
485
524
492
531
537
576
461
500
506
545
513
552
558
597
532
571
577
616
584
623
629
668
381
420
426
465
433
472
478
517
452
491
497
536
504
543
549
588
473
512
518
557
525
564
570
609
544
583
589
628
596
635
641
680
482
521
527
566
534
573
579
618
553
592
598
637
605
644
650
689
574
613
619
658
626
665
671
710
645
684
690
729
697
736
742
781
154
193
199
238
206
245
251
290
225
264
270
309
277
316
322
361
246
285
291
330
298
337
343
382
317
356
362
401
369
408
414
453
255
294
300
339
307
346
352
391
326
365
371
410
378
417
423
462
347
386
392
431
399
438
444
483
418
457
463
502
470
509
515
554
267
306
312
351
319
358
364
403
338
377
383
422
390
429
435
474
359
398
404
443
411
450
456
495
430
469
475
514
482
521
527
566
368
407
413
452
420
459
465
504
439
478
484
523
491
530
536
575
460
499
505
544
512
551
557
596
531
570
576
615
583
622
628
667
275
314
320
359
327
366
372
411
346
385
391
430
398
437
443
482
367
406
412
451
419
458
464
503
438
477
483
522
490
529
535
574
376
415
421
460
428
467
473
512
447
486
492
531
499
538
544
583
468
507
513
552
520
559
565
604
539
578
584
623
591
630
636
675
388
427
433
472
440
479
485
524
459
498
504
543
511
550
556
595
480
519
525
564
532
571
577
616
551
590
596
635
603
642
648
687
489
528
534
573
541
580
586
625
560
599
605
644
612
651
657
696
581
620
626
665
633
672
678
717
652
691
697
736
704
743
749
788
301
340
346
385
353
392
398
437
372
411
417
456
424
463
469
508
393
432
438
477
445
484
490
529
464
503
509
548
516
555
561
600
402
441
447
486
454
493
499
538
473
512
518
557
525
564
570
609
494
533
539
578
546
585
591
630
565
604
610
649
617
656
662
701
414
453
459
498
466
505
511
550
485
524
530
569
537
576
582
621
506
545
551
590
558
597
603
642
577
616
622
661
629
668
674
713
515
554
560
599
567
606
612
651
586
625
631
670
638
677
683
722
607
646
652
691
659
698
704
743
678
717
723
762
730
769
775
814
422
461
467
506
474
513
519
558
493
532
538
577
545
584
590
629
514
553
559
598
566
605
611
650
585
624
630
669
637
676
682
721
523
562
568
607
575
614
620
659
594
633
639
678
646
685
691
730
615
654
660
699
667
706
712
751
686
725
731
770
738
777
783
822
535
574
580
619
587
626
632
671
606
645
651
690
658
697
703
742
627
666
672
711
679
718
724
763
698
737
743
782
750
789
795
834
636
675
681
720
688
727
733
772
707
746
752
791
759
798
804
843
728
767
773
812
780
819
825
864
799
838
844
883
851
890
896
935
